vel <- c(50,
         120,
         50,
         50,
         50,
         50,
         50,
         50,
         50,
         90, #10
         50,
         50,
         50,
         50,
         90,
         120,
         50,
         90,
         90,
         90, #20
         90,
         90,
         90,
         90,
         90,
         90,
         90,
         90,
         90,
         90, #30
         90,
         90,
         90,
         90,
         90,
         90,
         90,
         90,
         90,
         90, #40
         90,
         50,
         90,
         90,
         90,
         120,
         90,
         90,
         90,
         90, #50
         90,
         50,
         50,
         90,
         90,
         120,
         90,
         90,
         90,
         50, #60
         90,
         90,
         90,
         90,
         90,
         90,
         90,
         90,
         90,
         90, #70
         90,
         90,
         90,
         90,
         120,
         120,
         90,
         90,
         90,
         90, #80,
         90,
         90,
         90,
         120,
         120,
         120,
         120,
         90,
         90,
         90, #90
         90,
         90,
         90,
         90,
         90,
         90,
         50,
         90,
         50,
         50, #100
         90,
         90,
         90,
         90,
         90,
         90,
         50,
         50,
         90,
         90, #110
         90,
         90,
         90,
         90,
         90,
         90,
         90,
         50,
         90,
         90, #120
         90,
         50,
         90,
         90,
         90,
         50,
         50,
         90,
         90,
         90, #130
         90,
         50,
         90,
         90,
         90,
         90,
         90,
         90,
         120,
         120, #140
         120,
         120,
         120,
         90,
         50,
         120,
         120,
         120,
         120,
         90, #150
         120,
         120,
         120,
         90,
         90,
         90,
         50,
         50,
         50,
         50, #160
         90,
         90,
         120,
         120,
         120,
         50,
         90,
         90,
         120,
         120, #170
         120,
         120,
         90,
         90,
         120,
         90,
         90,
         90,
         90,
         50, #180
         120,
         50,
         50,
         50,
         120,
         90,
         90,
         90,
         90,
         90, #190
         90,
         90,
         90,
         50,
         50,
         90,
         90,
         50,
         50,
         90, #200
         50,
         50,
         90,
         90,
         90,
         90,
         90,
         90,
         90,
         50, #210
         50,
         50,
         50,
         50,
         50,
         50,
         50,
         50,
         90,
         90, #220
         50,
         50,
         50,
         50,
         50,
         90,
         90,
         90,
         90,
         90, #230
         50,
         50,
         50,
         90,
         90,
         50,
         50,
         50,
         90,
         50, #240
         90,
         90,
         90,
         90,
         50,
         90,
         90,
         50,
         90,
         50, #250
         90,
         90,
         90,
         50,
         90,
         90,
         90,
         90,
         90,
         90, #260
         90,
         50,
         50,
         50,
         50,
         90,
         90,
         50,
         90,
         90, #270
         90,
         90,
         90,
         90,
         90,
         90,
         120,
         120,
         90,
         120, #280
         120,
         90,
         120,
         120,
         120,
         120,
         120,
         50,
         50,
         90, #290
         90,
         90,
         90,
         90,
         90,
         90,
         120,
         50,
         120,
         90, #300
         90,
         90,
         120,
         50,
         90,
         90,
         120,
         90,
         50,
         90, #310
         90,
         50,
         90,
         90,
         90,
         90,
         90,
         50,
         90,
         90, #320
         90,
         120,
         50,
         50,
         120,
         90,
         90,
         90,
         90,
         90, #330
         90,
         90,
         50,
         90,
         50,
         90,
         120,
         120,
         90,
         50, #340
         50,
         90,
         90,
         90,
         120,
         120,
         90,
         90,
         50,
         50, #350
         90,
         50,
         90,
         120,
         90,
         90,
         50,
         90,
         90,
         90, #360
         120,
         120,
         90,
         120,
         90,
         50,
         90,
         90,
         120,
         120, #370
         120,
         90,
         90,
         90,
         90,
         90,
         50,
         90,
         90,
         90, #380
         50,
         120,
         50,
         50,
         90,
         90,
         90,
         50,
         120,
         90, #390
         120,
         50,
         120,
         90,
         50,
         90,
         120,
         90,
         90,
         90, #400
         120,
         90,
         90,
         50,
         90,
         50,
         50,
         90,
         90,
         90, #410
         50,
         50,
         90,
         90,
         90,
         90,
         90,
         50,
         50,
         50, #420
         90,
         90,
         90,
         90,
         90,
         50,
         90,
         50,
         50,
         50, #430
         50,
         50,
         50,
         50,
         90,
         90,
         120 #437
)


#PlotNetwork(g, high_size = 1, net_edges = igraph::E(g)[1], net_vertices = igraph::ends(g, E(g)[1])) #show edge in map

